26810
40826
101456
121180
146279
162512
200028
200771
206502
219749
232186
250482
254526
263502
273404
285561
286903
306383
307543
324184
334967
335492
345548
356161
374063
380495
392698
402136
404986
405605
406598
416635
427665
432693
448513
475963
477939
485497
493237
494447
507726
507983
511584
515036
516977
520888
521712
525905
527923
528161
529623
529742
535696
538433
539491
539887
540239
541495
541995
542273
542559
542570
543036
543117
543130
543151
543154
543255
543662
543742
543744
543760
543831
543854
543929
544252
544284
544507
544516
544529
544531
544610
544618
544653
544674
544865
544873
544881
544897
544901
544913
545269
545392
545526
545701
545712
545716
545726
546014
546130
546502
546517
546638
546729
546731
546736
546764
546951
546976
547137
547172
547354
547374
547413
547434
547436
547698
547843
547848
547986
548046
548151
548324
548475
548491
548536
548704
548761
548767
548805
548858
548908
549058
549067
549099
549320
549324
549390
549675
549685
549711
549721
549735
549773
549925
549961
550186
550191
550195
550198
550391
550392
550400
550623
550748
550765
550869
551107
551110
551111
551115
551187
551195
551199
551266
551299
551300
551319
551323
551324
551351
551422
551541
551546
551548
551552
551856
551865
551869
551871
551878
551882
551884
552340
552436
552703
552947
553172
553383
553432
553436
553492
553498
553525
553527
553655
554045
554054
554058
554060
554067
554074
554528
554687
554831
554951
555076
555111
555187
555193
555488
555670
555777
555851
556016
556368
556370
556395
556402
556408
556432
556734
556935
557168
557330

